time,x,y,z,phi,theta,psi,x_velocity,y_velocity,z_velocity,phi_velocity,theta_velocity,psi_velocity,rotor_speed1,rotor_speed2,rotor_speed3,rotor_speed4
0.06,-2.96300047584e-07,-5.97035498684e-08,10.0006674798,6.28287651822,0.000308808959248,0.0,-2.52945589823e-05,-1.34639259971e-05,0.022248897326,-0.0182002609895,0.0138437891675,0.0,412.00182809114085,413.2237068108736,411.1777699837819,409.56258411659775
0.12000000000000001,-1.22122253841e-05,-1.24736699974e-05,10.0069959659,6.2817448225,0.000843089550354,0.0,-0.000451027753189,-0.000524656659548,0.18868689422,-0.0202180948416,-0.00347262285295,0.0,458.2306084546163,456.85213416403855,457.5347486581921,457.37416025026295
0.18,-6.13680793569e-05,-8.91332891726e-05,10.0280264939,6.28080988562,0.000703162681297,0.0,-0.00116402373723,-0.00217385458642,0.512241995577,-0.00763124436708,-0.000143290465314,0.0,502.7927252202121,503.03388150549864,502.4846583648843,503.39625180616224
0.23999999999999996,-0.000145806744837,-0.000270438917732,10.0619676333,6.28074581825,0.000348422966796,0.0,-0.00163562435728,-0.00389388052059,0.619076918272,0.00958877031568,-0.0211163838871,0.0,440.35894235598926,438.62094229874543,438.50563806623103,439.9335935604993
0.3,-0.000246594605034,-0.000558920195215,10.1049194835,6.2811019476,6.28189880658,0.0,-0.00156084634971,-0.00566649920627,0.812533733772,-0.0026119253616,-0.043798189868,0.0,466.4618907576871,464.68728289280335,466.96611237725426,466.0134501111193
0.36000000000000004,-0.000291928159441,-0.000957799738451,10.1638584905,6.28086604217,6.2798733628,0.0,0.000361858992813,-0.00765568040233,1.15182061547,-0.00671166918463,-0.0188614041535,0.0,506.3090868376539,508.099348750367,508.6998475882721,508.4063062857304
0.4200000000000001,-0.000207552841979,-0.00145915594028,10.2332073985,6.28117098569,6.27911210431,0.0,0.00253231645686,-0.00905448259889,1.15980123542,0.0218657277834,-0.00255601736138,0.0,407.6418848323286,409.09625655647164,406.4004584997709,408.95361742872325
0.48000000000000015,2.86118236671e-05,-0.00203885961809,10.305656875,6.28221423497,6.27864340594,0.0,0.00536799147917,-0.0101475046024,1.25508132817,0.00645165785795,-0.0212285856035,0.0,437.70806411624295,436.15159449718624,437.22875401108405,435.9427535077513
0.5400000000000001,0.000437774047623,-0.00266379506744,10.3815134462,6.28291138104,6.27714018999,0.0,0.00839426275928,-0.0106334702999,1.27345006691,0.0203452782837,-0.0340784114164,0.0,412.26223898618156,411.12520659774367,411.2848006380018,412.513280944175
0.6000000000000002,0.00107333153921,-0.00330288376279,10.4608062643,0.000738282405269,6.27466862347,0.0,0.0130127752336,-0.0105551325129,1.36953189467,0.00881178850445,-0.0618373798587,0.0,438.6574407556691,436.3452947754264,437.5443256884682,436.5831012283713
0.6600000000000003,0.00206968050431,-0.00391663217916,10.5488089979,0.00115992473429,6.27140306835,0.0,0.0205973756946,-0.00984796801446,1.56364347235,0.00319556293872,-0.0426697400936,0.0,467.856099067379,469.34402496713403,466.9050908669251,466.46665495774164
0.7200000000000003,0.00357601139754,-0.00448121749723,10.6470308839,0.00123619416284,6.26868411352,0.0,0.0298978393767,-0.008956865106,1.71020783202,-0.00288622091156,-0.0512149948241,0.0,453.53038559673723,452.8424129685772,454.7159106479212,454.22846249580437
0.7800000000000004,0.00572859117361,-0.00499002552753,10.7557800677,0.00100803014294,6.26535785454,0.0,0.0422236245114,-0.00802727041147,1.91443973343,-0.00570194546714,-0.0656046032595,0.0,472.81457269144823,471.70280115705816,471.08219221203507,470.8645045670149
0.8400000000000004,0.00862115578661,-0.00545311100959,10.8723375485,0.000944654278112,6.26131040967,0.0,0.054574441981,-0.00742710981088,1.97070644623,0.00691013673215,-0.0714453255816,0.0,427.14831585501247,426.6463284320768,425.50403904675994,426.5823387578652
0.9000000000000005,0.0123381376386,-0.00587826627561,10.9924363273,0.00183488606807,6.25684384344,0.0,0.0697433163478,-0.00667869343844,2.03246769694,0.0272449972615,-0.0812320722517,0.0,428.6859874976079,427.84899749061015,427.850074761084,429.57771498217403
0.9600000000000005,0.0170926501237,-0.00623391085086,11.1176464628,0.00379919626177,6.25150466719,0.0,0.0892536722402,-0.00498895147998,2.14099044131,0.0419272181796,-0.112765969288,0.0,445.2197084005035,442.62510421928675,442.8400284180996,444.04644214585227
1.0200000000000005,0.0230586808874,-0.00645364113605,11.246988774,0.00680653950667,6.24475301741,0.0,0.110230804087,-0.00207962485906,2.1703407993,0.0628573075802,-0.112055194131,0.0,418.6801543611068,418.7298856173455,417.55797729688175,419.38150017682074
1.0800000000000005,0.0305245065211,-0.0064171081155,11.3810133062,0.0108215538603,6.23803303527,0.0,0.139331998441,0.00370867601758,2.29686320457,0.0739980811542,-0.111889049302,0.0,449.50172101299205,449.50420734253925,449.936511099233,450.84076794873033
1.1400000000000006,0.0398277163871,-0.00595769336917,11.5214825699,0.0155974960218,6.23119278357,0.0,0.171445423457,0.0120664409707,2.38522385752,0.0889354667809,-0.118606357577,0.0,438.7083201137481,438.1384158934579,438.118360620331,439.36360451944535
1.2000000000000006,0.0512992697582,-0.00486524317675,11.669142261,0.0211287499361,6.22413266334,0.0,0.211698419006,0.0249383288098,2.53638497249,0.0980023134117,-0.115857992506,0.0,458.7004720567445,458.90671505816994,458.02505224448987,458.7523879218253
1.2600000000000007,0.0651997680465,-0.00292824653788,11.8235048794,0.0268806371741,6.21713693125,0.0,0.252323704203,0.0401932616282,2.60881111275,0.0912085638987,-0.118111514011,0.0,435.256068023254,435.0549318665369,434.7533280237913,434.19178257835887
1.3200000000000007,0.0819896249309,0.000165997885941,11.9868473169,0.0320383156214,6.21059808015,0.0,0.308117908719,0.0635763563343,2.83531821285,0.0725845255889,-0.095133155475,0.0,480.92166475516785,482.64917368381117,483.4042399575462,482.0041621674673
1.3800000000000008,0.101938090299,0.00463200797214,12.1591256469,0.0367168276799,6.2056385326,0.0,0.357330157898,0.0857265568771,2.90704792864,0.087015381121,-0.0651940056937,0.0,434.43652914926747,436.9335032491838,436.5231588393044,437.7306027163627
1.4400000000000008,0.125028731603,0.0105688472522,12.3369332843,0.0416206968328,6.2016905531,0.0,0.412740234413,0.112684017658,3.01951566792,0.0682296878942,-0.0670387148792,0.0,449.59114393480473,449.4385007202449,450.83525342349316,449.3200364911993
1.5000000000000009,0.151560254129,0.0182386327588,12.5218794523,0.0454660067672,6.19744832405,0.0,0.472048025055,0.14338038635,3.14494735683,0.0541611951815,-0.079277940639,0.0,454.9014922805948,453.9165782291603,455.2906184058025,454.16648286749927
1.560000000000001,0.181716927787,0.0278153632366,12.7140446042,0.0487024111636,6.19334626536,0.0,0.533597362437,0.17616422995,3.26015886818,0.0534942953618,-0.0525221642758,0.0,450.98217142565096,453.13444221655186,452.520915291465,452.46909851120125
1.620000000000001,0.215596557865,0.0393993459278,12.9125534213,0.0517901311725,6.19005613038,0.0,0.596018549699,0.210271681668,3.35645430087,0.0470532489224,-0.0599160429048,0.0,447.3237430558063,446.7192012391284,447.6632796254223,447.14051763822926
1.680000000000001,0.253094113286,0.0529832318042,13.1147614624,0.0547284833165,6.18716151931,0.0,0.654175181263,0.242780242367,3.38366808091,0.0525573786498,-0.0315911084767,0.0,425.14382650082325,427.5621656495377,424.9154372175676,425.3886472960733
1.740000000000001,0.294311376854,0.0686771215988,13.3204832334,0.057554638028,6.18495515266,0.0,0.719901560491,0.280634826946,3.47339071862,0.0330143646042,-0.0499383078543,0.0,446.4270629063036,444.9267223835409,447.51044037696454,445.9180334491252
1.8000000000000012,0.339275086164,0.0865523171735,13.5291184964,0.0595908955734,6.18234019842,0.0,0.779122347072,0.315377152015,3.48103257306,0.0357226405911,-0.033207245155,0.0,420.13259542350414,421.5795544732202,419.64642059497,419.8819983605847
1.8600000000000012,0.38812411435,0.106719582129,13.7410546031,0.061721331092,6.18038562655,0.0,0.849336012918,0.35706005609,3.58312141568,0.0350730751206,-0.0313433001745,0.0,450.8544488594773,451.00464254291103,451.03544691688654,450.98351232034946
1.9200000000000013,0.441235830371,0.129438202327,13.9592206021,0.0637907043976,6.17824813763,0.0,0.92121040477,0.400415599497,3.68867088347,0.0332964646142,-0.0459679554589,0.0,453.437778648859,452.2607446185479,452.93219164605415,452.78975193049297
1.9800000000000013,0.498509862022,0.154681999106,14.1818640496,0.0662571210158,6.17518933344,0.0,0.988164300635,0.441241001813,3.73255406888,0.0533673535388,-0.0635868132822,0.0,434.6835314697836,433.20261010821616,433.56270449278577,435.2467420118803
2.0400000000000014,0.560279220339,0.182682486895,14.4109589104,0.0702438525284,6.17154552365,0.0,1.07115391989,0.492474694665,3.90324323751,0.0845099287064,-0.055556616707,0.0,472.9904099157079,473.6060766878303,473.5052423814046,475.89788030143325
2.1000000000000014,0.626635946387,0.213556463328,14.6461126471,0.0749059533515,6.16824175521,0.0,1.14101128068,0.53709439233,3.93498919557,0.0584252723896,-0.0540934193643,0.0,432.6000420002763,432.72111620473993,432.9485451971388,430.75287538568386
2.1600000000000015,0.697149291383,0.247127351406,14.8823560528,0.0785403564977,6.16498413127,0.0,1.20969740405,0.582238696876,3.93966838158,0.0645546965853,-0.054697238074,0.0,423.29775013968583,423.24365797557505,424.1127864183787,424.6417448403405
2.2200000000000015,0.771955513021,0.283549566107,15.1198427561,0.0829834516701,6.16178120513,0.0,1.28410544742,0.632203616325,3.97630308942,0.0883271605842,-0.0508745832931,0.0,434.1352047943101,434.4539081071193,433.94163526194745,435.9370212360388
2.2800000000000016,0.85147715635,0.323189397747,15.3610988608,0.0880902310298,6.15828663047,0.0,1.36687251451,0.689607756345,4.065099294,0.0777585054337,-0.080077759619,0.0,452.3723524250459,450.0118385554307,452.84086429510046,451.9956215855475
2.3400000000000016,0.936599652045,0.366767778123,15.6120838564,0.0929686207345,6.15294274086,0.0,1.47100768992,0.763490195188,4.29997497971,0.0875925032788,-0.120919095594,0.0,498.49696318397497,495.49681467319135,495.40173132100216,496.12890547754455
2.4000000000000017,1.02755719767,0.414507967486,15.8729699551,0.0986481008269,6.14633905181,0.0,1.5615306465,0.828348379102,4.39561208807,0.105966547135,-0.0942772288516,0.0,456.2845836698537,458.3959968947395,456.45512757330175,457.9264259580156
2.4600000000000017,1.12370203615,0.465990594572,16.1369018926,0.105015774232,6.14072427979,0.0,1.64375880192,0.888275796509,4.40187186113,0.106448366745,-0.0922204165414,0.0,430.0905082020058,430.2569691431061,429.77318232900564,429.824306524386
2.520000000000002,1.22541237753,0.521573069622,16.4048714151,0.111304295155,6.13513487101,0.0,1.7470639914,0.965063153459,4.52965491082,0.101312357477,-0.0950971625891,0.0,469.3163103796939,469.0861132746496,468.93661478791574,468.54639650777233
2.580000000000002,1.33284478974,0.581450932231,16.6765523531,0.117644220333,6.12912230921,0.0,1.8344847194,1.03137745988,4.52613609899,0.113189314014,-0.113135547631,0.0,429.9346742505552,428.39412463784174,428.3545148845732,429.37359649712755
2.640000000000002,1.44520566341,0.645099215947,16.945321207,0.125161951367,6.12260012378,0.0,1.91138415458,1.09077706428,4.43294568902,0.142385024473,-0.101060390482,0.0,397.66653546426585,398.75927622441725,397.82997064846097,400.5103427173673
2.700000000000002,1.56280285566,0.712836137961,17.2117060161,0.133561383355,6.11610979799,0.0,2.00901775271,1.167830948,4.44616074573,0.134717536462,-0.128784033602,0.0,436.610531815234,434.2799310412934,434.7742160104449,434.14991914841914
2.760000000000002,1.68693242818,0.785782715905,17.4820874931,0.14159321205,6.10864619159,0.0,2.12929083133,1.26444576242,4.56562674211,0.132101233405,-0.116814313084,0.0,469.3944538519559,470.3093132736553,469.2467247387249,469.05903353141053
2.820000000000002,1.81810160857,0.864427644509,17.7577586957,0.149960088152,6.10129480899,0.0,2.2435935027,1.35774204047,4.62274445952,0.151114383298,-0.137488423404,0.0,452.3806389139583,450.6989302115266,451.70704020692114,453.2553188069281
2.880000000000002,1.95520641078,0.947963446719,18.0311369563,0.158758851019,6.0934100506,0.0,2.32715347276,1.42742038807,4.49005373683,0.135756227032,-0.121423471177,0.0,387.972373740171,389.4593062604305,389.0347599231524,387.6171610547439
2.940000000000002,2.09780819844,1.03610949136,18.2984776703,0.167375026985,6.08646277781,0.0,2.42676856001,1.51141076125,4.42118348984,0.155899275598,-0.106405662843,0.0,410.4260484147987,411.74366238636065,410.28712850891804,412.09262572430623
3.000000000000002,2.24703709429,1.12988891558,18.5643560621,0.176968415986,6.07969859152,0.0,2.54801233016,1.61533325756,4.44085157312,0.166860025544,-0.13003709998,0.0,441.9780288815542,440.0139633317915,441.6151133754483,442.54272766481773
3.0600000000000023,2.40411968631,1.23046626329,18.8335367379,0.186663715152,6.07283900843,0.0,2.68862148414,1.73807146446,4.53084663574,0.148141823177,-0.0938441213873,0.0,464.02934233737636,466.8503875437051,466.08077188676674,464.63865603270347
3.1200000000000023,2.5702594075,1.33902503043,19.1103258966,0.195038603398,6.06710558136,0.0,2.84972820468,1.88128125118,4.694110645,0.110979814846,-0.0992213695813,0.0,489.647117152291,489.23999669481304,491.4754966150165,488.7283238567505
3.1800000000000024,2.74460087295,1.45494424001,19.3898007863,0.202246910098,6.06079792475,0.0,2.96207902917,1.98318642296,4.62157151598,0.134017882813,-0.120812538354,0.0,417.1946236913617,415.2939435944574,415.76267541297545,417.7903497206075
3.2400000000000024,2.92787582419,1.57895105615,19.6739249991,0.210533228366,6.05349094104,0.0,3.14758608956,2.15098968316,4.84740514048,0.145225064859,-0.12379634728,0.0,512.1364593735015,511.9128886631608,510.2815048077797,511.0958910605861
3.3000000000000025,3.12095408962,1.7118759411,19.9652933288,0.219220126799,6.04561329285,0.0,3.28887524625,2.28045207382,4.86409296191,0.143880806302,-0.153739281106,0.0,452.55172595548737,450.1183514093821,450.963664353684,450.8743081270336
3.3600000000000025,3.32234529465,1.8524384643,20.2563785732,0.228271963206,6.03593865421,0.0,3.42483095904,2.40555846966,4.83811142581,0.162060834955,-0.183712815527,0.0,440.6091205407143,438.09753950363825,437.392624777792,438.92586406082125
3.4200000000000026,3.53235617617,2.00091635908,20.5469854521,0.238066248712,6.02548068099,0.0,3.57630517037,2.54434811495,4.84782241022,0.165491417602,-0.160130569771,0.0,451.0134563242278,452.88528040233126,452.3411357833717,452.6422210355937
3.4800000000000026,3.75113487893,2.15743410797,20.836272598,0.248004648017,6.01557069928,0.0,3.71697961737,2.67354770286,4.79447455132,0.165935079851,-0.177833026452,0.0,434.4860722140673,432.97189644084597,432.41491704307765,432.4793298824851
3.5400000000000027,3.97919772502,2.32246198379,21.1247047838,0.257933458289,6.00533114426,0.0,3.88582138993,2.8279908792,4.81876970917,0.164555769582,-0.159217371832,0.0,460.0653842384449,461.510155364269,460.5689424417838,460.4849144957529
3.6000000000000028,4.21753659474,2.49688899076,21.4144031912,0.267691929987,5.99649796211,0.0,4.05936417637,2.98682308536,4.83670916657,0.158513232154,-0.130243836665,0.0,460.03433464873945,462.30318119783965,461.27869125437775,460.82529830340866
3.660000000000003,4.46635897777,2.68093400173,21.7048574317,0.27687308377,5.98881464667,0.0,4.23512176114,3.14853789494,4.84403974004,0.138813901315,-0.124006642777,0.0,459.92915525900406,460.40860413984586,460.7426241374667,459.2031532144539
3.720000000000003,4.72523473507,2.87426517445,21.9937387383,0.285650823064,5.98125762993,0.0,4.39447491818,3.29629639122,4.78469243902,0.15813332999,-0.130147589033,0.0,439.9969782755572,439.473493769866,439.07184832933893,440.6920882726486
3.780000000000003,4.99401443827,3.07679504477,22.2797207535,0.294933119705,5.97336308769,0.0,4.56524585144,3.45518793518,4.74716991393,0.146784594495,-0.134593446537,0.0,448.778269729914,448.40142898009145,449.71156319638555,448.81340321439296
3.840000000000003,5.27264115027,3.28851593337,22.5618501947,0.303585472864,5.96583651897,0.0,4.72271994374,3.6026148938,4.65660503134,0.138480411556,-0.111573495374,0.0,431.9320709963601,433.85444482654617,432.21569443617864,431.53511957346495
3.900000000000003,5.56166028512,3.50996074465,22.8409552229,0.312020899784,5.95931317679,0.0,4.91146794335,3.7792235294,4.64584493795,0.144503556858,-0.103559936924,0.0,461.49680697196516,462.1190905593115,460.57784933192534,461.07165492706037
3.960000000000003,5.86217087894,3.742189338,23.1195623122,0.320616351295,5.95347217075,0.0,5.10567950209,3.96206917287,4.63994041317,0.140644390412,-0.0871759018403,0.0,464.44640934387667,465.7221659902415,465.7178424853854,465.4339378224028
4.020000000000002,6.1739052339,3.98504319069,23.3963570995,0.329481855491,5.94860017127,0.0,5.28554530318,4.13342658822,4.58576080608,0.159125268249,-0.07134370233,0.0,450.2951357730682,451.5690711199854,450.9848695840316,452.4953351632605
4.080000000000001,6.49619538513,4.23802886345,23.6690741147,0.339010414197,5.9440797556,0.0,5.45750287671,4.29986892996,4.50416147155,0.158170646853,-0.0848478051181,0.0,443.92055438246825,442.8061860209783,443.79839197246224,443.74397987102816
4.14,6.82931139456,4.50155590458,23.9380837043,0.348217950271,5.93853280419,0.0,5.64639432041,4.48471314894,4.46183096693,0.141821992701,-0.115431133926,0.0,460.3382125211458,457.90363479276874,459.3673826475728,458.090031146892
4.199999999999998,7.17381764886,4.7762723617,24.2044541569,0.35664950163,5.93187236768,0.0,5.83729265573,4.67271713132,4.41613098807,0.137802015436,-0.103377520542,0.0,459.1578526408519,460.10283621910264,460.781907927901,460.48150460853924
4.259999999999997,7.52874001989,5.06129841718,24.4651692145,0.365170323441,5.92547078364,0.0,5.99367870848,4.82846227365,4.27400745423,0.14932211611,-0.11431471811,0.0,428.03606590457565,427.09340937014167,427.63677739397247,428.63676880165826
4.319999999999996,7.89533210058,5.35787324575,24.7228497754,0.374051442777,5.91905910805,0.0,6.22598782616,5.05742771663,4.31354776462,0.14527878392,-0.095056170933,0.0,491.6199094899588,493.03617554865446,492.6392122423143,492.3582739413926
4.379999999999995,8.27423887713,5.66666024219,24.9786511134,0.382544981849,5.91328335575,0.0,6.40430195729,5.23568632025,4.21243044052,0.1328395979,-0.0987895193127,0.0,447.66517524124754,447.3533479694265,448.9665981009729,447.9742588020562
4.439999999999993,8.66381155142,5.98613608008,25.2281295706,0.390179321743,5.90776976652,0.0,6.58150994957,5.41364832357,4.10285343714,0.112657281537,-0.0808046744834,0.0,445.434864175567,446.89643937073026,447.98949275797384,446.35932096500244
4.499999999999992,9.06258341619,6.31492288228,25.4675416001,0.396610457114,5.9029027146,0.0,6.7111120278,5.54618313812,3.87783352823,0.09304957487,-0.0817502984182,0.0,404.2815786988355,404.1903046166713,404.14219270659584,402.3815033710629
4.559999999999991,9.47147685078,6.65393363086,25.6988044481,0.402338958381,5.89848714985,0.0,6.91847404266,5.75399395927,3.82991956005,0.0999281700006,-0.060906193163,0.0,468.96956212232647,470.5822307304289,469.48289578426204,470.0236500728282
4.6199999999999894,9.89116223503,7.00382870877,25.9233606229,0.408209549276,5.89474269751,0.0,7.07105059498,5.90928511771,3.65525051359,0.0933118500196,-0.0655917285512,0.0,426.6039607020908,426.20054571491556,424.60504692167916,424.04553427449963
4.679999999999988,10.3203558614,7.36340076453,26.1382151182,0.413652689917,5.89128766009,0.0,7.23533546645,6.07645519062,3.50634636212,0.08495539241,-0.0450803025187,0.0,433.61960137625994,435.33735214095134,436.65077001775757,435.95989059467047
4.739999999999987,10.7608542448,7.73443181114,26.3473443376,0.418245403713,5.88805156633,0.0,7.44751657945,6.29095257393,3.46367045428,0.0489122748354,-0.0847411007723,0.0,475.8514507124581,472.80245228050217,476.5197844704334,473.7595240970065
4.799999999999986,11.2134479093,8.1177064276,26.5524855124,0.421730284043,5.88312886062,0.0,7.63880770157,6.48448554181,3.37372248928,0.0719791717922,-0.0771380325465,0.0,460.346707443275,460.9429147552194,458.69609724395514,460.52699347992126
4.859999999999984,11.6779715246,8.51298926464,26.7531360467,0.425968728418,5.87841952519,0.0,7.84504530253,6.69119944938,3.31368902817,0.0678212810326,-0.0813358711674,0.0,473.00355226423443,472.675537053498,472.33617072087964,472.0187886241159
4.919999999999983,12.1542374842,8.92003283089,26.9487686077,0.431162212997,5.87336593437,0.0,8.03033919907,6.87663955812,3.20675976672,0.109522486268,-0.0907407807288,0.0,457.9715095156282,457.2169462293778,456.34910083659616,459.67219035665624
4.979999999999982,12.6417428179,9.33829993266,27.1381596475,0.437862167988,5.86774237943,0.0,8.21967721953,7.06538207274,3.10541806058,0.115637502107,-0.100482155475,0.0,462.04735507626884,461.27132396204394,461.3684504127129,461.8616901933512
5.0399999999999805,13.1401178452,9.7674055551,27.3203538355,0.444840773868,5.86212322576,0.0,8.39275414877,7.23800146012,2.96710968013,0.117621249771,-0.0826516591374,0.0,448.8532501542724,450.29101942506605,450.3580636550882,450.5304501758367
